CorrectPassword
11,17,5,0,15,3,7,12,13,15,1,-7,2,-6
CorrectPassword
10,16,9,6,15,3,15,10,13,17,3,-7,0,-7
CorrectPassword
10,14,8,4,17,1,13,10,14,17,2,-5,1,-9
CorrectPassword
11,15,8,2,18,3,10,8,12,16,3,-3,2,-7
CorrectPassword
11,16,5,6,18,6,13,13,15,17,1,-8,-2,-5
CorrectPassword
2,13,14,12,23,17,9,7,21,0,-8,13,-8,-6
CorrectPassword
3,13,19,11,20,20,10,3,21,-3,-3,20,-5,-11
CorrectPassword
11,15,6,3,18,5,16,7,16,15,1,-4,1,-7
CorrectPassword
11,18,9,3,16,2,8,10,14,16,1,-4,3,-5
CorrectPassword
2,13,18,12,16,16,11,11,18,3,-4,15,-4,-8
CorrectPassword
10,15,6,1,17,6,15,14,14,13,2,-9,4,-7
CorrectPassword
2,13,19,10,19,17,6,1,20,-5,-7,14,-4,-10
CorrectPassword
12,16,6,5,17,-1,16,12,12,19,4,-4,2,-8
CorrectPassword
12,12,5,4,17,7,9,15,14,16,2,-1,6,-6
CorrectPassword
5,12,14,12,20,21,9,5,20,-1,-8,14,-7,-10
correctpassword
8,15,6,10,13,7,1,-2,13,21,-3,2,-5,8
CorrectPassword
10,14,12,4,16,2,13,13,13,16,1,-8,1,-6
CorrectPassword
1,15,22,16,22,22,7,8,20,-3,-7,16,-4,-8
CorrectPassword
-2,12,17,10,20,18,7,8,21,-5,-3,14,-10,-6
correctpassword
10,13,7,12,14,9,2,-2,10,19,-3,6,-2,6
correctpassword
8,16,11,14,16,10,1,-2,10,21,-4,2,-1,8
correctpassword
7,15,13,10,15,10,-1,-3,10,20,-2,3,-4,7
CorrectPassword
11,12,16,11,19,17,8,6,21,-7,-9,14,-6,-3
CorrectPassword
6,13,17,11,15,19,9,9,21,-7,-2,14,-4,-7
CorrectPassword
11,18,10,1,17,5,14,13,15,18,1,-5,4,-7
CorrectPassword
11,18,7,4,16,8,14,16,13,15,3,-1,1,-8
CorrectPassword
11,16,11,2,17,2,11,9,14,15,1,-5,3,-7
CorrectPassword
13,14,6,5,19,5,13,10,14,17,3,-4,3,-7
CorrectPassword
5,13,16,11,20,22,6,9,20,-3,-6,16,-4,-9
correctpassword
8,15,14,8,14,8,0,1,12,21,-5,5,-5,7
