CorrectPassword
17,12,11,9,17,5,21,1,10,0,28,13,-4,9
CorrectPassword
18,11,8,12,18,4,21,-2,8,0,25,16,-3,10
CorrectPassword
16,11,9,15,18,9,23,-4,9,-2,26,14,-6,8
CorrectPassword
22,10,10,15,15,9,18,-2,9,-1,25,11,-5,11
CorrectPassword
14,10,11,18,16,7,22,-1,10,-1,27,12,-3,11
correctpassword
14,20,12,12,12,6,-4,17,14,-1,11,9,23,-7
correctpassword
13,17,20,14,15,4,-4,17,13,0,6,13,24,-7
CorrectPassword
17,10,5,3,3,3,14,16,11,17,13,0,26,22
CorrectPassword
15,10,10,14,18,8,20,0,9,0,25,12,-6,9
CorrectPassword
15,9,9,8,17,12,24,2,10,-1,27,10,-4,12
CorrectPassword
16,11,15,21,17,8,20,0,9,-1,23,13,-5,9
CorrectPassword
13,11,5,1,7,2,11,19,8,18,14,-1,28,24
correctpassword
13,20,16,9,12,11,-3,17,14,0,15,15,23,-6
CorrectPassword
20,11,5,0,5,3,14,16,11,17,14,0,25,27
CorrectPassword
20,11,11,22,18,6,24,2,7,0,24,14,-3,10
CorrectPassword
17,12,10,12,16,11,22,1,10,1,29,10,-5,9
correctpassword
12,22,18,10,12,8,-1,16,15,-5,8,13,24,-6
CorrectPassword
19,11,4,4,7,1,12,14,12,17,15,-1,28,23
CorrectPassword
12,9,3,3,6,2,10,21,10,16,14,0,24,26
CorrectPassword
21,10,9,17,16,6,22,-2,9,-1,22,13,-5,11
CorrectPassword
17,11,10,18,16,7,19,-1,9,-1,25,15,-5,10
CorrectPassword
20,10,7,5,10,1,9,15,15,18,13,0,28,22
CorrectPassword
15,10,10,20,18,9,21,2,8,-2,26,15,-5,11
CorrectPassword
16,10,11,13,19,8,23,-1,10,0,25,16,-4,11
CorrectPassword
16,10,4,0,4,1,15,19,9,15,13,1,28,23
correctpassword
14,13,17,6,14,8,-3,16,14,-4,13,14,26,-8
CorrectPassword
14,8,5,2,9,2,12,18,8,17,14,1,24,20
CorrectPassword
16,9,7,6,11,2,10,17,15,18,13,0,25,25
CorrectPassword
13,11,13,11,17,7,18,0,9,0,22,10,-4,9
CorrectPassword
20,11,4,4,10,3,10,16,13,17,14,-1,22,25
