CorrectPassword
18,10,-2,20,10,4,2,8,6,17,23,20,27,7
CorrectPassword
13,14,5,19,11,4,-2,9,6,20,28,17,29,19
CorrectPassword
20,14,2,18,10,5,5,7,11,19,27,18,29,7
CorrectPassword
18,11,-1,20,9,5,3,10,9,14,26,17,30,15
CorrectPassword
16,11,7,20,9,4,1,13,4,21,26,16,27,16
CorrectPassword
7,0,1,18,2,6,12,-1,13,7,21,6,3,-6
CorrectPassword
15,10,1,15,10,4,5,10,13,20,25,19,27,13
CorrectPassword
9,-2,12,18,6,7,12,-1,10,-1,22,5,7,-6
correctpassword
12,12,11,19,11,12,5,6,5,9,14,19,14,24
CorrectPassword
7,6,8,20,3,7,11,0,7,2,25,5,4,-7
correctpassword
10,11,6,22,13,15,1,14,6,10,14,18,15,25
CorrectPassword
6,2,6,15,7,7,11,-1,10,1,17,7,7,-6
CorrectPassword
7,10,10,20,4,6,12,-2,6,4,24,4,3,-7
CorrectPassword
18,11,-7,20,9,5,0,12,13,18,25,18,26,17
correctpassword
12,14,7,21,10,16,6,11,7,8,3,20,13,22
CorrectPassword
14,11,5,15,9,5,2,6,10,19,22,20,25,11
CorrectPassword
8,-2,7,24,6,5,12,-6,7,2,21,4,0,-5
CorrectPassword
5,3,5,14,5,8,10,3,12,1,22,5,4,-5
CorrectPassword
17,13,2,19,10,5,4,10,10,22,27,19,27,11
CorrectPassword
18,9,4,18,9,6,3,10,6,19,23,18,27,13
CorrectPassword
19,13,1,22,11,5,0,9,11,17,27,17,28,15
CorrectPassword
18,12,-2,18,10,4,2,9,8,21,28,19,29,12
CorrectPassword
15,10,7,19,8,6,2,11,6,18,27,17,27,16
CorrectPassword
8,0,9,19,1,7,11,-4,6,3,23,6,4,-5
CorrectPassword
7,0,12,24,5,8,11,-2,11,6,25,6,4,-5
CorrectPassword
23,11,5,18,9,6,3,9,10,15,23,18,25,20
CorrectPassword
7,8,7,17,5,6,11,-1,4,4,19,6,2,-5
correctpassword
17,14,7,20,5,14,4,5,4,10,15,20,14,25
correctpassword
18,12,10,15,10,14,1,12,10,10,11,18,12,23
CorrectPassword
19,11,1,18,10,5,2,11,1,23,24,18,26,9
