CorrectPassword
4,17,14,24,15,0,4,18,2,16,-5,9,22,-2
CorrectPassword
6,17,11,19,15,3,7,16,4,13,0,12,19,-3
CorrectPassword
10,18,10,18,11,3,4,23,4,9,-2,10,20,-5
CorrectPassword
7,16,5,23,14,5,6,20,-2,13,-2,11,24,-3
CorrectPassword
5,19,8,19,25,3,6,17,5,14,-3,12,22,-3
CorrectPassword
9,4,4,10,13,4,22,8,15,-3,21,0,-1,29
correctpassword
0,9,8,2,3,12,10,20,21,6,5,10,19,21
CorrectPassword
9,18,3,16,13,3,4,17,1,19,-5,10,23,-1
CorrectPassword
7,4,5,9,13,8,17,6,16,-6,19,-1,1,33
CorrectPassword
8,7,6,10,14,6,21,8,16,-3,20,1,-1,27
correctpassword
1,8,6,4,4,10,18,21,17,7,7,10,19,30
CorrectPassword
8,2,5,10,14,12,19,8,16,-4,18,0,1,22
CorrectPassword
7,5,5,8,13,3,20,8,17,-1,18,0,1,23
CorrectPassword
1,18,9,21,11,4,7,19,1,14,-3,11,27,-2
CorrectPassword
8,15,17,28,15,-1,5,14,1,14,0,10,23,-6
CorrectPassword
5,8,6,11,15,8,19,9,16,-3,19,-1,-1,25
correctpassword
4,6,7,1,4,8,15,23,19,6,0,10,11,26
CorrectPassword
5,14,7,19,15,5,6,18,0,12,2,11,18,-4
CorrectPassword
5,16,13,19,15,1,5,21,3,16,-3,11,24,-1
correctpassword
5,7,7,4,3,13,15,21,19,7,-5,12,16,26
CorrectPassword
6,14,11,15,18,4,6,15,-1,9,-1,12,22,-3
CorrectPassword
12,13,12,22,14,5,6,25,1,9,-5,9,21,-4
CorrectPassword
7,11,5,9,13,-4,16,8,16,-3,19,0,1,24
CorrectPassword
10,5,5,10,13,5,21,7,16,-2,19,-1,0,27
CorrectPassword
6,6,7,10,12,4,19,7,16,-5,21,-1,-2,29
CorrectPassword
6,14,7,20,11,4,6,19,0,18,-2,12,27,-2
CorrectPassword
17,12,12,16,21,4,5,19,4,11,-3,11,21,-4
CorrectPassword
4,15,13,24,14,3,6,21,-1,13,-3,11,22,-3
correctpassword
4,9,7,2,3,8,14,22,19,6,3,9,16,27
CorrectPassword
9,5,5,9,12,4,17,8,16,-2,19,0,-2,26
