CorrectPassword
3,5,1,2,8,0,6,14,4,21,-8,19,11,-1
CorrectPassword
5,5,-1,1,9,6,4,15,1,28,-10,13,11,0
CorrectPassword
1,6,1,2,11,2,6,17,6,18,-8,15,12,-2
CorrectPassword
7,8,1,1,13,1,5,4,-4,25,-11,13,10,1
CorrectPassword
8,5,1,-4,11,7,4,19,0,26,-9,22,10,4
correctpassword
14,13,1,7,8,7,13,8,2,21,23,-2,8,25
CorrectPassword
0,6,-3,2,11,1,6,9,4,22,-7,9,10,1
CorrectPassword
3,4,-8,-1,9,0,3,6,4,24,-4,10,9,1
correctpassword
11,10,4,8,10,9,13,9,8,18,25,-4,9,25
CorrectPassword
1,4,5,-4,9,6,5,10,-3,23,-6,13,10,0
CorrectPassword
7,4,11,5,16,-1,21,18,14,16,21,22,18,-12
CorrectPassword
2,5,0,10,8,5,5,14,5,20,-11,10,9,-4
CorrectPassword
9,4,8,5,17,-6,19,19,21,22,21,20,14,-11
CorrectPassword
2,5,6,2,11,-2,5,18,1,8,-9,17,9,-1
CorrectPassword
7,5,9,4,17,-1,16,18,17,19,23,20,12,-13
CorrectPassword
6,5,4,-4,10,0,4,17,10,24,-7,11,9,0
CorrectPassword
2,4,5,0,14,2,5,9,-1,31,-8,19,8,10
CorrectPassword
8,6,10,6,17,-1,18,17,17,17,22,23,19,-11
CorrectPassword
12,6,11,6,17,-7,15,15,22,24,21,22,12,-9
CorrectPassword
1,4,3,-3,13,2,5,13,5,24,-9,15,10,-3
CorrectPassword
5,5,10,5,16,-4,20,16,17,22,23,21,12,-13
correctpassword
12,11,3,5,10,5,12,12,2,24,22,-1,9,24
CorrectPassword
8,4,9,6,17,-1,16,17,20,22,21,21,16,-11
CorrectPassword
8,4,9,4,18,1,21,15,14,24,23,21,13,-14
correctpassword
13,12,7,5,12,9,14,6,8,22,23,-3,9,26
CorrectPassword
2,7,1,-3,9,4,5,16,3,26,-13,11,10,3
CorrectPassword
4,6,4,0,12,3,5,12,0,25,-8,16,11,0
CorrectPassword
8,7,11,7,18,-1,13,18,16,23,24,22,14,-16
CorrectPassword
1,5,3,-2,7,-4,5,17,-1,25,-9,12,9,4
CorrectPassword
-2,5,-3,0,11,2,5,15,3,22,-5,10,9,4
CorrectPassword
0,6,-5,-11,14,0,5,11,1,25,-8,17,10,-1
correctpassword
13,13,4,8,11,12,14,11,6,22,24,0,10,24
CorrectPassword
11,5,10,8,16,-4,21,14,16,17,23,23,17,-9
CorrectPassword
6,6,0,-6,7,0,5,15,10,20,-9,17,10,1
CorrectPassword
1,4,2,-6,9,2,5,17,-2,23,-11,18,9,2
